MEAN_100 = [3.0217, 3.0152, 3.0157, 3.0193, 3.0217, 3.0196, 3.0207, 3.0210, 3.0206, 3.0191, 3.0181, 3.0190, 3.0204, 3.0196, 3.0199, 3.0205, 3.0199, 3.0241, 3.0204, 3.0220, 3.0210, 3.0215, 3.0260, 3.0260, 3.0237];
Standard_Deviation_100 = [0.0413, 0.0360, 0.0365, 0.0396, 0.0516, 0.0397, 0.0406, 0.0416, 0.0406, 0.0394, 0.0386, 0.0393, 0.0404, 0.0397, 0.0400, 0.0404, 0.0408, 0.0443, 0.0419, 0.0415, 0.0431, 0.0449, 0.0556, 0.0488, 0.0483];

MEAN_200 = [];
Standard_Deviation_200 = [];

MEAN_300 = [];
Standard_Deviation_300 = [];

MEAN_400 = [];
Standard_Deviation_400 = [];

MEAN_500 = [];
Standard_Deviation_500 = [];

MEAN_600 = [];
Standard_Deviation_600 = [];

MEAN_700 = [];
Standard_Deviation_700 = [];

MEAN_800 = [];
Standard_Deviation_800 = [];

MEAN_900 = [];
Standard_Deviation_900 = [];

MEAN_1000 = [];
Standard_Deviation_1000 = [];

MEAN_1100 = [];
Standard_Deviation_1100 = [];

MEAN_1200 = [];
Standard_Deviation_1200 = [];

MEAN_1300 = [];
Standard_Deviation_1300 = [];

MEAN_1400 = [];
Standard_Deviation_1400 = [];

MEAN_1500 = [];
Standard_Deviation_1500 = [];

